0  | 1 2 3
1  | 4 5
2  | 6 7
3  | 8 9
4  | 10 11 12 13
5  | 14 15
6  | 16 17
7  | 18 19
8  | 20 21
9  | 8 45
10 | FIM
11 | FIM
12 | 22 23
13 | 45 5
14 | 4 45
15 | 24 25 
16 | 26 27
17 | 45 28
18 | 29 29
19 | FIM
20 | 30 31
21 | FIM
22 | FIM
23 | 32 33
24 | 44
25 | FIM
26 | 7 45
27 | 34 43
28 | 35 36
29 | 45
30 | 44
31 | 45
32 | 37 38
33 | 39 40
34 | 41 44
35 | 42
36 | 44
37 | FIM
38 | 45
39 | FIM
40 | 44
41 | FIM
42 | FIM
43 | 45
44 | 46 47
45 | 48 49 
46 | 50 51
47 | 52 53 
48 | 49 54
50 | FIM
51 | FIM
52 | FIM
53 | FIM
54 | FIM





